{
 "cells": [
  {
   "cell_type": "code",
   "execution_count": 43,
   "id": "17c2eb4b-8e4e-4141-8920-d7ad4c15cb84",
   "metadata": {},
   "outputs": [],
   "source": [
    "import pandas as pd"
   ]
  },
  {
   "cell_type": "markdown",
   "id": "b2e85d67-bfbc-4f14-b66d-c28f8730585b",
   "metadata": {},
   "source": [
    "# Preprocess the data for ground truth validation"
   ]
  },
  {
   "cell_type": "code",
   "execution_count": 44,
   "id": "919da256-afba-4c7a-9b83-7d1acfe6b410",
   "metadata": {},
   "outputs": [],
   "source": [
    "gme_df = pd.read_csv(\"datasets/GME_yahoo.csv\")"
   ]
  },
  {
   "cell_type": "code",
   "execution_count": 45,
   "id": "d06f81a7-8ec5-4864-81c7-6ee79f5c5b4e",
   "metadata": {},
   "outputs": [],
   "source": [
    "# gme_df.reverse(inplace=True)\n",
    "# gme_df = gme_df[::-1]"
   ]
  },
  {
   "cell_type": "code",
   "execution_count": 47,
   "id": "ad40140f-894e-4be6-83c0-9aab41425b6a",
   "metadata": {},
   "outputs": [
    {
     "data": {
      "text/plain": [
       "<bound method NDFrame.describe of             Date       Open       High        Low      Close  Adj Close  \\\n",
       "0     2019-05-13   2.082500   2.092500   2.042500   2.065000   2.065000   \n",
       "1     2019-05-14   2.080000   2.137500   2.060000   2.132500   2.132500   \n",
       "2     2019-05-15   2.110000   2.177500   2.110000   2.172500   2.172500   \n",
       "3     2019-05-16   2.185000   2.210000   2.160000   2.167500   2.167500   \n",
       "4     2019-05-17   2.135000   2.195000   2.135000   2.152500   2.152500   \n",
       "...          ...        ...        ...        ...        ...        ...   \n",
       "1255  2024-05-07  15.850000  17.290001  14.930000  16.309999  16.309999   \n",
       "1256  2024-05-08  16.049999  17.240000  15.330000  15.920000  15.920000   \n",
       "1257  2024-05-09  15.900000  18.510000  15.350000  18.010000  18.010000   \n",
       "1258  2024-05-10  17.930000  20.200001  16.879999  17.459999  17.459999   \n",
       "1259  2024-05-13  26.340000  38.200001  24.770000  30.450001  30.450001   \n",
       "\n",
       "         Volume  \n",
       "0      12172800  \n",
       "1      10451600  \n",
       "2       9014000  \n",
       "3       7004000  \n",
       "4       7869200  \n",
       "...         ...  \n",
       "1255   24308600  \n",
       "1256   24775100  \n",
       "1257   25759300  \n",
       "1258   36807500  \n",
       "1259  176739034  \n",
       "\n",
       "[1260 rows x 7 columns]>"
      ]
     },
     "execution_count": 47,
     "metadata": {},
     "output_type": "execute_result"
    }
   ],
   "source": [
    "gme_df.describe"
   ]
  },
  {
   "cell_type": "code",
   "execution_count": 49,
   "id": "7edc7fe1-db13-4563-987f-973256d678f4",
   "metadata": {},
   "outputs": [
    {
     "name": "stdout",
     "output_type": "stream",
     "text": [
      "['Date', 'Open', 'High', 'Low', 'Close', 'Adj Close', 'Volume']\n"
     ]
    }
   ],
   "source": [
    "column_names = gme_df.columns.tolist()\n",
    "print(column_names)"
   ]
  },
  {
   "cell_type": "code",
   "execution_count": 50,
   "id": "8d74a1ce-5460-455e-9888-b93445eb403b",
   "metadata": {},
   "outputs": [],
   "source": [
    "# renaming columns\n",
    "new_column_names = {\n",
    "    'Date': 'date',\n",
    "    'Open': 'open_price',\n",
    "    'High': 'high_price',\n",
    "    'Low': 'low_price',\n",
    "    'Close': 'close_price',\n",
    "    'Adj Close': 'adjclose_price',\n",
    "    'Volume': 'volume'\n",
    "}\n",
    "\n",
    "gme_df.rename(columns=new_column_names, inplace=True)\n"
   ]
  },
  {
   "cell_type": "code",
   "execution_count": 51,
   "id": "4ab66b3c-60ab-48e7-90ae-e0cba70191c4",
   "metadata": {},
   "outputs": [
    {
     "name": "stdout",
     "output_type": "stream",
     "text": [
      "['date', 'open_price', 'high_price', 'low_price', 'close_price', 'adjclose_price', 'volume']\n"
     ]
    }
   ],
   "source": [
    "column_names = gme_df.columns.tolist()\n",
    "print(column_names)"
   ]
  },
  {
   "cell_type": "code",
   "execution_count": 52,
   "id": "80307ab3-f236-47e7-b280-32b40d56460b",
   "metadata": {},
   "outputs": [],
   "source": [
    "gme_df['previous_close'] = gme_df['close_price'].shift(1)"
   ]
  },
  {
   "cell_type": "code",
   "execution_count": 53,
   "id": "32a7cc10-b48a-41e0-8d4e-0130708ffa7b",
   "metadata": {},
   "outputs": [
    {
     "name": "stdout",
     "output_type": "stream",
     "text": [
      "['date', 'open_price', 'high_price', 'low_price', 'close_price', 'adjclose_price', 'volume', 'previous_close']\n"
     ]
    }
   ],
   "source": [
    "column_names = gme_df.columns.tolist()\n",
    "print(column_names)"
   ]
  },
  {
   "cell_type": "code",
   "execution_count": 54,
   "id": "c9488042-c672-45bd-a450-6055486208d7",
   "metadata": {},
   "outputs": [
    {
     "data": {
      "text/plain": [
       "<bound method NDFrame.describe of             date  open_price  high_price  low_price  close_price  \\\n",
       "0     2019-05-13    2.082500    2.092500   2.042500     2.065000   \n",
       "1     2019-05-14    2.080000    2.137500   2.060000     2.132500   \n",
       "2     2019-05-15    2.110000    2.177500   2.110000     2.172500   \n",
       "3     2019-05-16    2.185000    2.210000   2.160000     2.167500   \n",
       "4     2019-05-17    2.135000    2.195000   2.135000     2.152500   \n",
       "...          ...         ...         ...        ...          ...   \n",
       "1255  2024-05-07   15.850000   17.290001  14.930000    16.309999   \n",
       "1256  2024-05-08   16.049999   17.240000  15.330000    15.920000   \n",
       "1257  2024-05-09   15.900000   18.510000  15.350000    18.010000   \n",
       "1258  2024-05-10   17.930000   20.200001  16.879999    17.459999   \n",
       "1259  2024-05-13   26.340000   38.200001  24.770000    30.450001   \n",
       "\n",
       "      adjclose_price     volume  previous_close  \n",
       "0           2.065000   12172800             NaN  \n",
       "1           2.132500   10451600        2.065000  \n",
       "2           2.172500    9014000        2.132500  \n",
       "3           2.167500    7004000        2.172500  \n",
       "4           2.152500    7869200        2.167500  \n",
       "...              ...        ...             ...  \n",
       "1255       16.309999   24308600       16.309999  \n",
       "1256       15.920000   24775100       16.309999  \n",
       "1257       18.010000   25759300       15.920000  \n",
       "1258       17.459999   36807500       18.010000  \n",
       "1259       30.450001  176739034       17.459999  \n",
       "\n",
       "[1260 rows x 8 columns]>"
      ]
     },
     "execution_count": 54,
     "metadata": {},
     "output_type": "execute_result"
    }
   ],
   "source": [
    "gme_df.describe"
   ]
  },
  {
   "cell_type": "code",
   "execution_count": 55,
   "id": "78b7238b-0c6f-4191-bcb8-32bcd16d919b",
   "metadata": {},
   "outputs": [],
   "source": [
    "gme_df['price_movement'] = ((gme_df['close_price'] - gme_df['previous_close']) / gme_df['previous_close']) * 100"
   ]
  },
  {
   "cell_type": "code",
   "execution_count": 56,
   "id": "c17d72f6-3f2c-46c5-a102-76300445b285",
   "metadata": {},
   "outputs": [
    {
     "data": {
      "text/plain": [
       "<bound method NDFrame.describe of             date  open_price  high_price  low_price  close_price  \\\n",
       "0     2019-05-13    2.082500    2.092500   2.042500     2.065000   \n",
       "1     2019-05-14    2.080000    2.137500   2.060000     2.132500   \n",
       "2     2019-05-15    2.110000    2.177500   2.110000     2.172500   \n",
       "3     2019-05-16    2.185000    2.210000   2.160000     2.167500   \n",
       "4     2019-05-17    2.135000    2.195000   2.135000     2.152500   \n",
       "...          ...         ...         ...        ...          ...   \n",
       "1255  2024-05-07   15.850000   17.290001  14.930000    16.309999   \n",
       "1256  2024-05-08   16.049999   17.240000  15.330000    15.920000   \n",
       "1257  2024-05-09   15.900000   18.510000  15.350000    18.010000   \n",
       "1258  2024-05-10   17.930000   20.200001  16.879999    17.459999   \n",
       "1259  2024-05-13   26.340000   38.200001  24.770000    30.450001   \n",
       "\n",
       "      adjclose_price     volume  previous_close  price_movement  \n",
       "0           2.065000   12172800             NaN             NaN  \n",
       "1           2.132500   10451600        2.065000        3.268765  \n",
       "2           2.172500    9014000        2.132500        1.875733  \n",
       "3           2.167500    7004000        2.172500       -0.230150  \n",
       "4           2.152500    7869200        2.167500       -0.692042  \n",
       "...              ...        ...             ...             ...  \n",
       "1255       16.309999   24308600       16.309999        0.000000  \n",
       "1256       15.920000   24775100       16.309999       -2.391165  \n",
       "1257       18.010000   25759300       15.920000       13.128141  \n",
       "1258       17.459999   36807500       18.010000       -3.053865  \n",
       "1259       30.450001  176739034       17.459999       74.398641  \n",
       "\n",
       "[1260 rows x 9 columns]>"
      ]
     },
     "execution_count": 56,
     "metadata": {},
     "output_type": "execute_result"
    }
   ],
   "source": [
    "gme_df.describe"
   ]
  },
  {
   "cell_type": "code",
   "execution_count": 57,
   "id": "3ed0520e-8098-4f55-a1e3-c7800bed852b",
   "metadata": {},
   "outputs": [],
   "source": [
    "gme_df['price_movement_tomorrow'] = gme_df['price_movement'].shift(1)"
   ]
  },
  {
   "cell_type": "code",
   "execution_count": 58,
   "id": "b8a03cd3-0cc3-4149-aeca-04d8236ffcba",
   "metadata": {},
   "outputs": [],
   "source": [
    "gme_df = gme_df[::-1]"
   ]
  },
  {
   "cell_type": "code",
   "execution_count": 59,
   "id": "7f6b6a76-bdf8-4072-af9a-4b002a2b4ae7",
   "metadata": {},
   "outputs": [
    {
     "data": {
      "text/plain": [
       "<bound method NDFrame.describe of             date  open_price  high_price  low_price  close_price  \\\n",
       "1259  2024-05-13   26.340000   38.200001  24.770000    30.450001   \n",
       "1258  2024-05-10   17.930000   20.200001  16.879999    17.459999   \n",
       "1257  2024-05-09   15.900000   18.510000  15.350000    18.010000   \n",
       "1256  2024-05-08   16.049999   17.240000  15.330000    15.920000   \n",
       "1255  2024-05-07   15.850000   17.290001  14.930000    16.309999   \n",
       "...          ...         ...         ...        ...          ...   \n",
       "4     2019-05-17    2.135000    2.195000   2.135000     2.152500   \n",
       "3     2019-05-16    2.185000    2.210000   2.160000     2.167500   \n",
       "2     2019-05-15    2.110000    2.177500   2.110000     2.172500   \n",
       "1     2019-05-14    2.080000    2.137500   2.060000     2.132500   \n",
       "0     2019-05-13    2.082500    2.092500   2.042500     2.065000   \n",
       "\n",
       "      adjclose_price     volume  previous_close  price_movement  \\\n",
       "1259       30.450001  176739034       17.459999       74.398641   \n",
       "1258       17.459999   36807500       18.010000       -3.053865   \n",
       "1257       18.010000   25759300       15.920000       13.128141   \n",
       "1256       15.920000   24775100       16.309999       -2.391165   \n",
       "1255       16.309999   24308600       16.309999        0.000000   \n",
       "...              ...        ...             ...             ...   \n",
       "4           2.152500    7869200        2.167500       -0.692042   \n",
       "3           2.167500    7004000        2.172500       -0.230150   \n",
       "2           2.172500    9014000        2.132500        1.875733   \n",
       "1           2.132500   10451600        2.065000        3.268765   \n",
       "0           2.065000   12172800             NaN             NaN   \n",
       "\n",
       "      price_movement_tomorrow  \n",
       "1259                -3.053865  \n",
       "1258                13.128141  \n",
       "1257                -2.391165  \n",
       "1256                 0.000000  \n",
       "1255                -0.971463  \n",
       "...                       ...  \n",
       "4                   -0.230150  \n",
       "3                    1.875733  \n",
       "2                    3.268765  \n",
       "1                         NaN  \n",
       "0                         NaN  \n",
       "\n",
       "[1260 rows x 10 columns]>"
      ]
     },
     "execution_count": 59,
     "metadata": {},
     "output_type": "execute_result"
    }
   ],
   "source": [
    "gme_df.describe"
   ]
  },
  {
   "cell_type": "code",
   "execution_count": 60,
   "id": "dfe8bd02-9fa8-42aa-bd62-e07a9a138e8f",
   "metadata": {},
   "outputs": [
    {
     "data": {
      "text/html": [
       "<div>\n",
       "<style scoped>\n",
       "    .dataframe tbody tr th:only-of-type {\n",
       "        vertical-align: middle;\n",
       "    }\n",
       "\n",
       "    .dataframe tbody tr th {\n",
       "        vertical-align: top;\n",
       "    }\n",
       "\n",
       "    .dataframe thead th {\n",
       "        text-align: right;\n",
       "    }\n",
       "</style>\n",
       "<table border=\"1\" class=\"dataframe\">\n",
       "  <thead>\n",
       "    <tr style=\"text-align: right;\">\n",
       "      <th></th>\n",
       "      <th>date</th>\n",
       "      <th>open_price</th>\n",
       "      <th>high_price</th>\n",
       "      <th>low_price</th>\n",
       "      <th>close_price</th>\n",
       "      <th>adjclose_price</th>\n",
       "      <th>volume</th>\n",
       "      <th>previous_close</th>\n",
       "      <th>price_movement</th>\n",
       "      <th>price_movement_tomorrow</th>\n",
       "    </tr>\n",
       "  </thead>\n",
       "  <tbody>\n",
       "    <tr>\n",
       "      <th>1259</th>\n",
       "      <td>2024-05-13</td>\n",
       "      <td>26.340000</td>\n",
       "      <td>38.200001</td>\n",
       "      <td>24.770000</td>\n",
       "      <td>30.450001</td>\n",
       "      <td>30.450001</td>\n",
       "      <td>176739034</td>\n",
       "      <td>17.459999</td>\n",
       "      <td>74.398641</td>\n",
       "      <td>-3.053865</td>\n",
       "    </tr>\n",
       "    <tr>\n",
       "      <th>1258</th>\n",
       "      <td>2024-05-10</td>\n",
       "      <td>17.930000</td>\n",
       "      <td>20.200001</td>\n",
       "      <td>16.879999</td>\n",
       "      <td>17.459999</td>\n",
       "      <td>17.459999</td>\n",
       "      <td>36807500</td>\n",
       "      <td>18.010000</td>\n",
       "      <td>-3.053865</td>\n",
       "      <td>13.128141</td>\n",
       "    </tr>\n",
       "    <tr>\n",
       "      <th>1257</th>\n",
       "      <td>2024-05-09</td>\n",
       "      <td>15.900000</td>\n",
       "      <td>18.510000</td>\n",
       "      <td>15.350000</td>\n",
       "      <td>18.010000</td>\n",
       "      <td>18.010000</td>\n",
       "      <td>25759300</td>\n",
       "      <td>15.920000</td>\n",
       "      <td>13.128141</td>\n",
       "      <td>-2.391165</td>\n",
       "    </tr>\n",
       "    <tr>\n",
       "      <th>1256</th>\n",
       "      <td>2024-05-08</td>\n",
       "      <td>16.049999</td>\n",
       "      <td>17.240000</td>\n",
       "      <td>15.330000</td>\n",
       "      <td>15.920000</td>\n",
       "      <td>15.920000</td>\n",
       "      <td>24775100</td>\n",
       "      <td>16.309999</td>\n",
       "      <td>-2.391165</td>\n",
       "      <td>0.000000</td>\n",
       "    </tr>\n",
       "    <tr>\n",
       "      <th>1255</th>\n",
       "      <td>2024-05-07</td>\n",
       "      <td>15.850000</td>\n",
       "      <td>17.290001</td>\n",
       "      <td>14.930000</td>\n",
       "      <td>16.309999</td>\n",
       "      <td>16.309999</td>\n",
       "      <td>24308600</td>\n",
       "      <td>16.309999</td>\n",
       "      <td>0.000000</td>\n",
       "      <td>-0.971463</td>\n",
       "    </tr>\n",
       "    <tr>\n",
       "      <th>...</th>\n",
       "      <td>...</td>\n",
       "      <td>...</td>\n",
       "      <td>...</td>\n",
       "      <td>...</td>\n",
       "      <td>...</td>\n",
       "      <td>...</td>\n",
       "      <td>...</td>\n",
       "      <td>...</td>\n",
       "      <td>...</td>\n",
       "      <td>...</td>\n",
       "    </tr>\n",
       "    <tr>\n",
       "      <th>4</th>\n",
       "      <td>2019-05-17</td>\n",
       "      <td>2.135000</td>\n",
       "      <td>2.195000</td>\n",
       "      <td>2.135000</td>\n",
       "      <td>2.152500</td>\n",
       "      <td>2.152500</td>\n",
       "      <td>7869200</td>\n",
       "      <td>2.167500</td>\n",
       "      <td>-0.692042</td>\n",
       "      <td>-0.230150</td>\n",
       "    </tr>\n",
       "    <tr>\n",
       "      <th>3</th>\n",
       "      <td>2019-05-16</td>\n",
       "      <td>2.185000</td>\n",
       "      <td>2.210000</td>\n",
       "      <td>2.160000</td>\n",
       "      <td>2.167500</td>\n",
       "      <td>2.167500</td>\n",
       "      <td>7004000</td>\n",
       "      <td>2.172500</td>\n",
       "      <td>-0.230150</td>\n",
       "      <td>1.875733</td>\n",
       "    </tr>\n",
       "    <tr>\n",
       "      <th>2</th>\n",
       "      <td>2019-05-15</td>\n",
       "      <td>2.110000</td>\n",
       "      <td>2.177500</td>\n",
       "      <td>2.110000</td>\n",
       "      <td>2.172500</td>\n",
       "      <td>2.172500</td>\n",
       "      <td>9014000</td>\n",
       "      <td>2.132500</td>\n",
       "      <td>1.875733</td>\n",
       "      <td>3.268765</td>\n",
       "    </tr>\n",
       "    <tr>\n",
       "      <th>1</th>\n",
       "      <td>2019-05-14</td>\n",
       "      <td>2.080000</td>\n",
       "      <td>2.137500</td>\n",
       "      <td>2.060000</td>\n",
       "      <td>2.132500</td>\n",
       "      <td>2.132500</td>\n",
       "      <td>10451600</td>\n",
       "      <td>2.065000</td>\n",
       "      <td>3.268765</td>\n",
       "      <td>NaN</td>\n",
       "    </tr>\n",
       "    <tr>\n",
       "      <th>0</th>\n",
       "      <td>2019-05-13</td>\n",
       "      <td>2.082500</td>\n",
       "      <td>2.092500</td>\n",
       "      <td>2.042500</td>\n",
       "      <td>2.065000</td>\n",
       "      <td>2.065000</td>\n",
       "      <td>12172800</td>\n",
       "      <td>NaN</td>\n",
       "      <td>NaN</td>\n",
       "      <td>NaN</td>\n",
       "    </tr>\n",
       "  </tbody>\n",
       "</table>\n",
       "<p>1260 rows × 10 columns</p>\n",
       "</div>"
      ],
      "text/plain": [
       "            date  open_price  high_price  low_price  close_price  \\\n",
       "1259  2024-05-13   26.340000   38.200001  24.770000    30.450001   \n",
       "1258  2024-05-10   17.930000   20.200001  16.879999    17.459999   \n",
       "1257  2024-05-09   15.900000   18.510000  15.350000    18.010000   \n",
       "1256  2024-05-08   16.049999   17.240000  15.330000    15.920000   \n",
       "1255  2024-05-07   15.850000   17.290001  14.930000    16.309999   \n",
       "...          ...         ...         ...        ...          ...   \n",
       "4     2019-05-17    2.135000    2.195000   2.135000     2.152500   \n",
       "3     2019-05-16    2.185000    2.210000   2.160000     2.167500   \n",
       "2     2019-05-15    2.110000    2.177500   2.110000     2.172500   \n",
       "1     2019-05-14    2.080000    2.137500   2.060000     2.132500   \n",
       "0     2019-05-13    2.082500    2.092500   2.042500     2.065000   \n",
       "\n",
       "      adjclose_price     volume  previous_close  price_movement  \\\n",
       "1259       30.450001  176739034       17.459999       74.398641   \n",
       "1258       17.459999   36807500       18.010000       -3.053865   \n",
       "1257       18.010000   25759300       15.920000       13.128141   \n",
       "1256       15.920000   24775100       16.309999       -2.391165   \n",
       "1255       16.309999   24308600       16.309999        0.000000   \n",
       "...              ...        ...             ...             ...   \n",
       "4           2.152500    7869200        2.167500       -0.692042   \n",
       "3           2.167500    7004000        2.172500       -0.230150   \n",
       "2           2.172500    9014000        2.132500        1.875733   \n",
       "1           2.132500   10451600        2.065000        3.268765   \n",
       "0           2.065000   12172800             NaN             NaN   \n",
       "\n",
       "      price_movement_tomorrow  \n",
       "1259                -3.053865  \n",
       "1258                13.128141  \n",
       "1257                -2.391165  \n",
       "1256                 0.000000  \n",
       "1255                -0.971463  \n",
       "...                       ...  \n",
       "4                   -0.230150  \n",
       "3                    1.875733  \n",
       "2                    3.268765  \n",
       "1                         NaN  \n",
       "0                         NaN  \n",
       "\n",
       "[1260 rows x 10 columns]"
      ]
     },
     "execution_count": 60,
     "metadata": {},
     "output_type": "execute_result"
    }
   ],
   "source": [
    "gme_df"
   ]
  },
  {
   "cell_type": "code",
   "execution_count": 61,
   "id": "5217aeff-e198-4bcd-83af-d4ab1fb80177",
   "metadata": {},
   "outputs": [],
   "source": [
    "# file_path = 'datasets/gme_edited.csv'\n",
    "# gme_df.to_csv(file_path, index=False)"
   ]
  },
  {
   "cell_type": "code",
   "execution_count": 65,
   "id": "deb18842-7f93-4b8b-8c8a-2835808d7937",
   "metadata": {},
   "outputs": [],
   "source": [
    "reddit_50k_df = pd.read_csv(\"datasets/50k_gme_reddit_comments_random.csv\")"
   ]
  },
  {
   "cell_type": "code",
   "execution_count": 66,
   "id": "73b8000a-a11d-4a64-af6f-b0fe09e9d254",
   "metadata": {},
   "outputs": [
    {
     "data": {
      "text/plain": [
       "<bound method NDFrame.describe of             id  created_utc  \\\n",
       "0      hitr7yt   1635724561   \n",
       "1      hitov18   1635723339   \n",
       "2      hitmoxs   1635722260   \n",
       "3      hitifor   1635720130   \n",
       "4      hiti1ta   1635719945   \n",
       "...        ...          ...   \n",
       "49995  gwhnu85   1619829548   \n",
       "49996  gwhnh6l   1619829358   \n",
       "49997  gwhlrl9   1619828477   \n",
       "49998  gwhlaub   1619828240   \n",
       "49999  gwhk9ip   1619827707   \n",
       "\n",
       "                                                    body  sentiment  score  \\\n",
       "0      Loopring making moves while stock market is cl...     0.0000      8   \n",
       "1      1)Getting after hours price drop notifications...    -0.7579     11   \n",
       "2      Yeah people somehow always forget about things...     0.5574      3   \n",
       "3      Can you buy GME and DRS quickly with Hargreave...     0.0000      1   \n",
       "4      Lol other investor groups, companies and shill...     0.2299      3   \n",
       "...                                                  ...        ...    ...   \n",
       "49995  gme\\_meltdown \\n\\n&gt;TL;DR: Lower tolerance f...     0.0000      3   \n",
       "49996  Manipulation is, in part, when you a spread fa...    -0.3164      3   \n",
       "49997  GameStop will make us mega rich, but crypto wi...     0.8020      2   \n",
       "49998                GME, VXRT, AMD, OKTA, JPM, MS, PLTR        NaN      2   \n",
       "49999  Passive income is basically amoral in most cas...     0.0138      0   \n",
       "\n",
       "                                             merged_body        date  \\\n",
       "0      superstonk:8:Loopring making moves while stock...  2021-10-31   \n",
       "1      gmejungle:11:1)Getting after hours price drop ...  2021-10-31   \n",
       "2      superstonk:3:Yeah people somehow always forget...  2021-10-31   \n",
       "3      superstonkuk:1:Can you buy GME and DRS quickly...  2021-10-31   \n",
       "4      loopringorg:3:Lol other investor groups, compa...  2021-10-31   \n",
       "...                                                  ...         ...   \n",
       "49995  gme_meltdown_meltdown:3:gme\\_meltdown \\n\\n&gt;...  2021-05-01   \n",
       "49996  superstonk:3:Manipulation is, in part, when yo...  2021-05-01   \n",
       "49997  superstonk:2:GameStop will make us mega rich, ...  2021-05-01   \n",
       "49998   senseonics:2:GME, VXRT, AMD, OKTA, JPM, MS, PLTR  2021-05-01   \n",
       "49999  superstonk:0:Passive income is basically amora...  2021-05-01   \n",
       "\n",
       "      sentiment_string  \n",
       "0              neutral  \n",
       "1             negative  \n",
       "2             positive  \n",
       "3              neutral  \n",
       "4             positive  \n",
       "...                ...  \n",
       "49995          neutral  \n",
       "49996         negative  \n",
       "49997         positive  \n",
       "49998         positive  \n",
       "49999         positive  \n",
       "\n",
       "[50000 rows x 8 columns]>"
      ]
     },
     "execution_count": 66,
     "metadata": {},
     "output_type": "execute_result"
    }
   ],
   "source": [
    "reddit_50k_df.describe"
   ]
  },
  {
   "cell_type": "code",
   "execution_count": 67,
   "id": "3e087062-fdaa-47f7-82ef-62ff37aba203",
   "metadata": {},
   "outputs": [
    {
     "name": "stdout",
     "output_type": "stream",
     "text": [
      "['id', 'created_utc', 'body', 'sentiment', 'score', 'merged_body', 'date', 'sentiment_string']\n"
     ]
    }
   ],
   "source": [
    "column_names = reddit_50k_df.columns.tolist()\n",
    "print(column_names)"
   ]
  },
  {
   "cell_type": "code",
   "execution_count": 68,
   "id": "7e4b2f59-d777-42c0-8e64-42e3eae4ec24",
   "metadata": {},
   "outputs": [],
   "source": [
    "reddit_50k_df['date'] = pd.to_datetime(reddit_50k_df['date'])\n",
    "gme_df['date'] = pd.to_datetime(gme_df['date'])\n",
    "gme_df = gme_df.sort_values('date')\n",
    "merged_df = pd.merge_asof(reddit_50k_df.sort_values('date'), gme_df, left_on='date', right_on='date', direction='backward')"
   ]
  },
  {
   "cell_type": "code",
   "execution_count": 69,
   "id": "fc498336-5d8e-4b86-a471-27fb0f29fe5d",
   "metadata": {},
   "outputs": [
    {
     "data": {
      "text/html": [
       "<div>\n",
       "<style scoped>\n",
       "    .dataframe tbody tr th:only-of-type {\n",
       "        vertical-align: middle;\n",
       "    }\n",
       "\n",
       "    .dataframe tbody tr th {\n",
       "        vertical-align: top;\n",
       "    }\n",
       "\n",
       "    .dataframe thead th {\n",
       "        text-align: right;\n",
       "    }\n",
       "</style>\n",
       "<table border=\"1\" class=\"dataframe\">\n",
       "  <thead>\n",
       "    <tr style=\"text-align: right;\">\n",
       "      <th></th>\n",
       "      <th>id</th>\n",
       "      <th>created_utc</th>\n",
       "      <th>body</th>\n",
       "      <th>sentiment</th>\n",
       "      <th>score</th>\n",
       "      <th>merged_body</th>\n",
       "      <th>date</th>\n",
       "      <th>sentiment_string</th>\n",
       "      <th>open_price</th>\n",
       "      <th>high_price</th>\n",
       "      <th>low_price</th>\n",
       "      <th>close_price</th>\n",
       "      <th>adjclose_price</th>\n",
       "      <th>volume</th>\n",
       "      <th>previous_close</th>\n",
       "      <th>price_movement</th>\n",
       "      <th>price_movement_tomorrow</th>\n",
       "    </tr>\n",
       "  </thead>\n",
       "  <tbody>\n",
       "    <tr>\n",
       "      <th>0</th>\n",
       "      <td>gwhk9ip</td>\n",
       "      <td>1619827707</td>\n",
       "      <td>Passive income is basically amoral in most cas...</td>\n",
       "      <td>0.0138</td>\n",
       "      <td>0</td>\n",
       "      <td>superstonk:0:Passive income is basically amora...</td>\n",
       "      <td>2021-05-01</td>\n",
       "      <td>positive</td>\n",
       "      <td>43.750000</td>\n",
       "      <td>45.950001</td>\n",
       "      <td>43.174999</td>\n",
       "      <td>43.397499</td>\n",
       "      <td>43.397499</td>\n",
       "      <td>17734400</td>\n",
       "      <td>44.047501</td>\n",
       "      <td>-1.475684</td>\n",
       "      <td>-1.338334</td>\n",
       "    </tr>\n",
       "    <tr>\n",
       "      <th>1</th>\n",
       "      <td>gwkae9a</td>\n",
       "      <td>1619890161</td>\n",
       "      <td>r/GME is great and all. We all like to come he...</td>\n",
       "      <td>0.9558</td>\n",
       "      <td>1</td>\n",
       "      <td>gme:1:r/GME is great and all. We all like to c...</td>\n",
       "      <td>2021-05-01</td>\n",
       "      <td>positive</td>\n",
       "      <td>43.750000</td>\n",
       "      <td>45.950001</td>\n",
       "      <td>43.174999</td>\n",
       "      <td>43.397499</td>\n",
       "      <td>43.397499</td>\n",
       "      <td>17734400</td>\n",
       "      <td>44.047501</td>\n",
       "      <td>-1.475684</td>\n",
       "      <td>-1.338334</td>\n",
       "    </tr>\n",
       "    <tr>\n",
       "      <th>2</th>\n",
       "      <td>gwkansc</td>\n",
       "      <td>1619890268</td>\n",
       "      <td>Honestly i'm just curious to see where this go...</td>\n",
       "      <td>0.5106</td>\n",
       "      <td>15</td>\n",
       "      <td>superstonk:15:Honestly i'm just curious to see...</td>\n",
       "      <td>2021-05-01</td>\n",
       "      <td>positive</td>\n",
       "      <td>43.750000</td>\n",
       "      <td>45.950001</td>\n",
       "      <td>43.174999</td>\n",
       "      <td>43.397499</td>\n",
       "      <td>43.397499</td>\n",
       "      <td>17734400</td>\n",
       "      <td>44.047501</td>\n",
       "      <td>-1.475684</td>\n",
       "      <td>-1.338334</td>\n",
       "    </tr>\n",
       "    <tr>\n",
       "      <th>3</th>\n",
       "      <td>gwkcfkg</td>\n",
       "      <td>1619891007</td>\n",
       "      <td>That price and current GME price is pretty clo...</td>\n",
       "      <td>0.6597</td>\n",
       "      <td>2</td>\n",
       "      <td>superstonk:2:That price and current GME price ...</td>\n",
       "      <td>2021-05-01</td>\n",
       "      <td>positive</td>\n",
       "      <td>43.750000</td>\n",
       "      <td>45.950001</td>\n",
       "      <td>43.174999</td>\n",
       "      <td>43.397499</td>\n",
       "      <td>43.397499</td>\n",
       "      <td>17734400</td>\n",
       "      <td>44.047501</td>\n",
       "      <td>-1.475684</td>\n",
       "      <td>-1.338334</td>\n",
       "    </tr>\n",
       "    <tr>\n",
       "      <th>4</th>\n",
       "      <td>gwkch1i</td>\n",
       "      <td>1619891024</td>\n",
       "      <td>I still think we need more growing in terms of...</td>\n",
       "      <td>-0.2918</td>\n",
       "      <td>4</td>\n",
       "      <td>amcstock:4:I still think we need more growing ...</td>\n",
       "      <td>2021-05-01</td>\n",
       "      <td>negative</td>\n",
       "      <td>43.750000</td>\n",
       "      <td>45.950001</td>\n",
       "      <td>43.174999</td>\n",
       "      <td>43.397499</td>\n",
       "      <td>43.397499</td>\n",
       "      <td>17734400</td>\n",
       "      <td>44.047501</td>\n",
       "      <td>-1.475684</td>\n",
       "      <td>-1.338334</td>\n",
       "    </tr>\n",
       "    <tr>\n",
       "      <th>...</th>\n",
       "      <td>...</td>\n",
       "      <td>...</td>\n",
       "      <td>...</td>\n",
       "      <td>...</td>\n",
       "      <td>...</td>\n",
       "      <td>...</td>\n",
       "      <td>...</td>\n",
       "      <td>...</td>\n",
       "      <td>...</td>\n",
       "      <td>...</td>\n",
       "      <td>...</td>\n",
       "      <td>...</td>\n",
       "      <td>...</td>\n",
       "      <td>...</td>\n",
       "      <td>...</td>\n",
       "      <td>...</td>\n",
       "      <td>...</td>\n",
       "    </tr>\n",
       "    <tr>\n",
       "      <th>49995</th>\n",
       "      <td>hiqxq60</td>\n",
       "      <td>1635674197</td>\n",
       "      <td>Bei mir ist die Nachricht mit der Währungsumwa...</td>\n",
       "      <td>NaN</td>\n",
       "      <td>1</td>\n",
       "      <td>spielstopp:1:Bei mir ist die Nachricht mit der...</td>\n",
       "      <td>2021-10-31</td>\n",
       "      <td>positive</td>\n",
       "      <td>45.702499</td>\n",
       "      <td>46.437500</td>\n",
       "      <td>44.500000</td>\n",
       "      <td>45.877499</td>\n",
       "      <td>45.877499</td>\n",
       "      <td>9176000</td>\n",
       "      <td>45.712502</td>\n",
       "      <td>0.360945</td>\n",
       "      <td>5.382982</td>\n",
       "    </tr>\n",
       "    <tr>\n",
       "      <th>49996</th>\n",
       "      <td>hiqwyd1</td>\n",
       "      <td>1635673545</td>\n",
       "      <td>The GME crowd is getting aroused by LRC rumor'...</td>\n",
       "      <td>0.0000</td>\n",
       "      <td>6</td>\n",
       "      <td>cryptocurrency:6:The GME crowd is getting arou...</td>\n",
       "      <td>2021-10-31</td>\n",
       "      <td>neutral</td>\n",
       "      <td>45.702499</td>\n",
       "      <td>46.437500</td>\n",
       "      <td>44.500000</td>\n",
       "      <td>45.877499</td>\n",
       "      <td>45.877499</td>\n",
       "      <td>9176000</td>\n",
       "      <td>45.712502</td>\n",
       "      <td>0.360945</td>\n",
       "      <td>5.382982</td>\n",
       "    </tr>\n",
       "    <tr>\n",
       "      <th>49997</th>\n",
       "      <td>hiqvgis</td>\n",
       "      <td>1635672235</td>\n",
       "      <td>I have my MOASS list of all the things that ne...</td>\n",
       "      <td>-0.5255</td>\n",
       "      <td>3</td>\n",
       "      <td>superstonk:3:I have my MOASS list of all the t...</td>\n",
       "      <td>2021-10-31</td>\n",
       "      <td>negative</td>\n",
       "      <td>45.702499</td>\n",
       "      <td>46.437500</td>\n",
       "      <td>44.500000</td>\n",
       "      <td>45.877499</td>\n",
       "      <td>45.877499</td>\n",
       "      <td>9176000</td>\n",
       "      <td>45.712502</td>\n",
       "      <td>0.360945</td>\n",
       "      <td>5.382982</td>\n",
       "    </tr>\n",
       "    <tr>\n",
       "      <th>49998</th>\n",
       "      <td>hirr4if</td>\n",
       "      <td>1635692618</td>\n",
       "      <td>Look into GME+LRC marketplace.  Things are get...</td>\n",
       "      <td>0.4576</td>\n",
       "      <td>1</td>\n",
       "      <td>loopringorg:1:Look into GME+LRC marketplace.  ...</td>\n",
       "      <td>2021-10-31</td>\n",
       "      <td>positive</td>\n",
       "      <td>45.702499</td>\n",
       "      <td>46.437500</td>\n",
       "      <td>44.500000</td>\n",
       "      <td>45.877499</td>\n",
       "      <td>45.877499</td>\n",
       "      <td>9176000</td>\n",
       "      <td>45.712502</td>\n",
       "      <td>0.360945</td>\n",
       "      <td>5.382982</td>\n",
       "    </tr>\n",
       "    <tr>\n",
       "      <th>49999</th>\n",
       "      <td>hitr7yt</td>\n",
       "      <td>1635724561</td>\n",
       "      <td>Loopring making moves while stock market is cl...</td>\n",
       "      <td>0.0000</td>\n",
       "      <td>8</td>\n",
       "      <td>superstonk:8:Loopring making moves while stock...</td>\n",
       "      <td>2021-10-31</td>\n",
       "      <td>neutral</td>\n",
       "      <td>45.702499</td>\n",
       "      <td>46.437500</td>\n",
       "      <td>44.500000</td>\n",
       "      <td>45.877499</td>\n",
       "      <td>45.877499</td>\n",
       "      <td>9176000</td>\n",
       "      <td>45.712502</td>\n",
       "      <td>0.360945</td>\n",
       "      <td>5.382982</td>\n",
       "    </tr>\n",
       "  </tbody>\n",
       "</table>\n",
       "<p>50000 rows × 17 columns</p>\n",
       "</div>"
      ],
      "text/plain": [
       "            id  created_utc  \\\n",
       "0      gwhk9ip   1619827707   \n",
       "1      gwkae9a   1619890161   \n",
       "2      gwkansc   1619890268   \n",
       "3      gwkcfkg   1619891007   \n",
       "4      gwkch1i   1619891024   \n",
       "...        ...          ...   \n",
       "49995  hiqxq60   1635674197   \n",
       "49996  hiqwyd1   1635673545   \n",
       "49997  hiqvgis   1635672235   \n",
       "49998  hirr4if   1635692618   \n",
       "49999  hitr7yt   1635724561   \n",
       "\n",
       "                                                    body  sentiment  score  \\\n",
       "0      Passive income is basically amoral in most cas...     0.0138      0   \n",
       "1      r/GME is great and all. We all like to come he...     0.9558      1   \n",
       "2      Honestly i'm just curious to see where this go...     0.5106     15   \n",
       "3      That price and current GME price is pretty clo...     0.6597      2   \n",
       "4      I still think we need more growing in terms of...    -0.2918      4   \n",
       "...                                                  ...        ...    ...   \n",
       "49995  Bei mir ist die Nachricht mit der Währungsumwa...        NaN      1   \n",
       "49996  The GME crowd is getting aroused by LRC rumor'...     0.0000      6   \n",
       "49997  I have my MOASS list of all the things that ne...    -0.5255      3   \n",
       "49998  Look into GME+LRC marketplace.  Things are get...     0.4576      1   \n",
       "49999  Loopring making moves while stock market is cl...     0.0000      8   \n",
       "\n",
       "                                             merged_body       date  \\\n",
       "0      superstonk:0:Passive income is basically amora... 2021-05-01   \n",
       "1      gme:1:r/GME is great and all. We all like to c... 2021-05-01   \n",
       "2      superstonk:15:Honestly i'm just curious to see... 2021-05-01   \n",
       "3      superstonk:2:That price and current GME price ... 2021-05-01   \n",
       "4      amcstock:4:I still think we need more growing ... 2021-05-01   \n",
       "...                                                  ...        ...   \n",
       "49995  spielstopp:1:Bei mir ist die Nachricht mit der... 2021-10-31   \n",
       "49996  cryptocurrency:6:The GME crowd is getting arou... 2021-10-31   \n",
       "49997  superstonk:3:I have my MOASS list of all the t... 2021-10-31   \n",
       "49998  loopringorg:1:Look into GME+LRC marketplace.  ... 2021-10-31   \n",
       "49999  superstonk:8:Loopring making moves while stock... 2021-10-31   \n",
       "\n",
       "      sentiment_string  open_price  high_price  low_price  close_price  \\\n",
       "0             positive   43.750000   45.950001  43.174999    43.397499   \n",
       "1             positive   43.750000   45.950001  43.174999    43.397499   \n",
       "2             positive   43.750000   45.950001  43.174999    43.397499   \n",
       "3             positive   43.750000   45.950001  43.174999    43.397499   \n",
       "4             negative   43.750000   45.950001  43.174999    43.397499   \n",
       "...                ...         ...         ...        ...          ...   \n",
       "49995         positive   45.702499   46.437500  44.500000    45.877499   \n",
       "49996          neutral   45.702499   46.437500  44.500000    45.877499   \n",
       "49997         negative   45.702499   46.437500  44.500000    45.877499   \n",
       "49998         positive   45.702499   46.437500  44.500000    45.877499   \n",
